385
Mother and Baby
%X'0012000A'
%X'00000000'
%X'000028F0'
900 0 4 5 1
0 21 0 12 0
p
1d4
1 36 0d0
0
Street Vendor
%X'1112000A'
%X'00000000'
%X'000028F0'
1000 0 5 8 1
0 20 0 15 0
p
3d3
1 21 1d2
0
Filthy Pickpocket
%X'0612000A'
%X'00000000'
%X'000020F4'
400 1 4 5 1
0 19 0 14 0
p
1d4
1 14 0d0|12 5 0d0
0
Tourist
%X'0212000A'
%X'00000000'
%X'000028F0'
500 0 6 5 1
2 20 0 11 0
p
1d2
1 42 0d0
0
Street Beggar
%X'0012000A'
%X'00000000'
%X'000028F0'
400 0 10 1 1
0 18 0 11 0
p
1d4
1 14 0d0
0
Hired Assassin
%X'07020011'
%X'00000000'
%X'000020F4'
50 10 20 15 1
0 21 0 16 0
p
1d6
1 37 1d6
0
Small-Time Drug Dealer
%X'1712000A'
%X'00000000'
%X'00002034'
500 1 10 8 1
0 20 0 12 0
p
2d8
1 1 1d6|13 5 0d0
0
Singing Drunk
%X'0612003A'
%X'00000000'
%X'000028F0'
50 0 5 1 1
0 20 0 12 0
p
2d3
1 11 0d0
0
Vulture Gang Member
%X'0B12000A'
%X'00000000'
%X'00002034'
5000 5 10 20 1
1 25 0 9 0
g
5d8
1 1 1d10
0
Scorpion Gang Member
%X'0B12000A'
%X'00000000'
%X'00002034'
5000 10 10 20 1
1 25 0 9 0
g
5d8
1 1 2d6
0
Dirty Harry
%X'2712000A'
%X'00000000'
%X'000030F0'
5000 50 20 30 1
0 20 0 18 0
H
25d8
1 1 1d4|4 7 0d0|13 5 0d0
0
Raoul
%X'0001000A'
%X'00000055'
%X'00001004'
700 0 20 34 1
0 20 0 15 0
R
3d8
1 44 1d1
0
Pigeon
%X'00000020'
%X'00000013'
%X'000028F2'
150 0 6 1 6
0 5 0 3 0
p
1d2
1 1 0d0
0
Grey Ectoplasm
%X'00000001'
%X'00000000'
%X'000010A0'
0 1 2 1 1
0 40 0 0 0
e
1d2
3 13 1d4
1
Small Spider
%X'00000001'
%X'00000000'
%X'00002000'
100 1 4 2 1
3 15 0 0 0
x
1d3
14 2 1d1
1
Pit Bull
%X'00000002'
%X'00000000'
%X'00000002'
300 2 8 12 1
0 10 0 4 0
a
2d6
1 2 1d3|30 3 1d3
1
Mutant Keebler Elf
%X'06000009'
%X'00000000'
%X'00001008'
20 3 15 6 1
0 15 0 20 0
k
3d3
1 2 1d3|1 1 1d2
1
Short Pygmy
%X'00020002'
%X'00000000'
%X'00002000'
30 4 15 5 1
3 10 0 10 0
p
2d4
1 24 1d3|1 6 1d3
1
Snapping Turtle
%X'0000000A'
%X'00000000'
%X'00000002'
400 4 7 10 1
0 10 0 3 0
a
4d5
1 2 1d2|1 28 1d2
1
Up Stairway
%X'00000001'
%X'00000000'
%X'00002400'
10 4 15 15 2
0 70 0 0 0
<
3d4
14 1 1d3
1
Minor Insect Swarm
%X'00000012'
%X'00000000'
%X'00000022'
100 2 12 7 1
5 8 0 2 0
i
2d5
1 32 1d2
1
Gnat Insect Swarm
%X'00010002'
%X'00000000'
%X'00000022'
100 2 12 6 1
5 8 0 2 0
i
2d6
1 5 1d2
1
Giant White Mouse
%X'0020000A'
%X'00000000'
%X'00002070'
200 1 8 4 1
7 10 0 3 0
r
1d3
1 2 1d2
1
Large Brown Snake
%X'0000000A'
%X'00000000'
%X'000000B0'
999 3 4 35 0
0 15 0 3 0
s
4d6
1 2 1d3|1 16 1d4
1
Large White Snake
%X'00000012'
%X'00000000'
%X'000000B0'
999 2 4 30 1
0 12 0 3 0
s
3d6
1 2 1d1
1
Scorpion Gang Member
%X'07020002'
%X'00000000'
%X'00002032'
100 5 20 16 1
3 25 0 9 0
g
3d7
1 1 1d6
1
White Walking Fungus
%X'00200022'
%X'00000000'
%X'000001B0'
1 2 6 1 0
7 10 0 0 0
f
4d4
14 8 1d2
1
Floating Orb
%X'00000001'
%X'00000000'
%X'00001600'
100 2 2 6 1
0 5 0 3 0
o
3d6
11 7 0d0
1
Shrieker Slime
%X'00000001'
%X'00000000'
%X'000010A0'
0 2 2 5 1
0 12 0 0 0
w
1d1
20 10 0d0
2
Annoying Insect Swarm
%X'0B180012'
%X'00000000'
%X'00000022'
100 7 10 4 1
5 20 0 2 0
i
5d8
14 4 1d4|22 32 0d0
2
Crazed Ferret
%X'00000012'
%X'00000000'
%X'00000000'
100 4 5 4 2
0 5 0 4 0
a
4d4
1 2 2d2
2
Walter the Wrestler
%X'07020002'
%X'00000000'
%X'00002030'
50 6 20 16 1
0 28 0 9 0
p
9d4
1 34 1d7
2
Big Spider
%X'00200002'
%X'00000000'
%X'00002000'
75 6 15 10 1
5 20 0 5 0
x
5d5
14 2 2d4
2
Sleazy Thief
%X'27020002'
%X'00000000'
%X'00002030'
50 6 20 12 1
0 18 0 18 0
p
8d4
1 38 1d6|12 5 0d0
2
Low-Life Wanderer
%X'07020002'
%X'0000108C'
%X'00002030'
100 7 20 10 1
0 20 0 14 0
p
7d4
1 1 1d5
2
Mumbling Scientist
%X'07020002'
%X'0000089C'
%X'00002030'
50 7 20 6 1
0 20 0 20 0
p
6d4
1 1 1d4
2
Mechanized Dust-Buster (tm)
%X'00000001'
%X'00000000'
%X'00001600'
0 3 2 1 1
0 15 0 0 0
m
3d2
1 38 1d6
2
White Jarwangian Mold
%X'0B000001'
%X'00000000'
%X'000001A0'
999 10 2 1 2
0 16 0 0 0
J
8d10
14 5 1d2
2
Giant Green Frog
%X'0000000A'
%X'00000000'
%X'00000082'
300 5 14 8 1
2 10 0 3 0
a
2d8
1 2 1d3
2
Computer Virus
%X'00000001'
%X'00000000'
%X'00001410'
25 4 10 5 2
3 10 0 5 0
?
4d5
1 5 3d3
2
Giant Red Ant
%X'0000000A'
%X'00000000'
%X'00000002'
400 6 14 20 1
0 6 0 3 0
a
3d6
1 28 1d4
2
White Hacker
%X'00000012'
%X'00000000'
%X'00002036'
100 5 16 17 1
0 20 0 20 0
h
2d5
1 3 1d1|1 38 1d1|1 2 1d2
2
Young Jarwangian
%X'0202000A'
%X'00000000'
%X'00002001'
100 5 18 14 1
0 10 0 19 0
j
2d6
1 23 1d5
2
Green Walking Fungus
%X'00200022'
%X'00000000'
%X'000001B0'
100 3 7 3 0
7 20 0 0 0
f
6d4
9 12 1d3
2
Pygmy Rabbit
%X'00200012'
%X'00000000'
%X'00002000'
25 7 15 10 1
10 3 0 5 0
r
3d3
1 12 1d3
2
Large Black Snake
%X'0000000A'
%X'00000000'
%X'000000B0'
750 9 5 38 0
0 18 0 3 0
s
4d8
1 2 1d4|1 16 1d6
2
Invisible Mutant Stalker
%X'0F15003A'
%X'0000001F'
%X'0000100C'
750 7 8 15 2
0 21 0 14 0
M
3d5
4 1 1d1
3
Milli
%X'02020002'
%X'00000000'
%X'00002000'
50 5 25 10 1
0 20 0 14 0
p
2d7
1 41 2d4
3
Vanilli
%X'02020002'
%X'00000000'
%X'00002000'
30 5 20 15 1
0 20 0 14 0
p
3d5
1 41 1d9
3
Pygmy Captain
%X'06020002'
%X'00000000'
%X'00002000'
25 8 18 10 1
0 12 0 17 0
p
5d3
1 2 2d4|1 25 2d3
3
Confused Ostrich
%X'00000012'
%X'00000000'
%X'00002000'
150 6 6 6 1
0 45 0 4 0
a
4d5
1 6 1d2
3
Remote Laser Camera
%X'00000001'
%X'0008000B'
%X'00001680'
10 6 6 5 1
0 5 0 2 0
l
4d4
1 27 1d3
3
Slobbering Pygmy
%X'00020002'
%X'00000000'
%X'00002000'
20 5 20 10 1
3 10 0 6 0
p
4d3
1 25 2d3|1 22 2d2|1 15 2d2
3
Tigger The Tiger
%X'0710000A'
%X'00000000'
%X'000020E6'
100 15 16 40 1
0 25 0 10 0
a
8d8
1 3 1d8
3
Yellow Jarwangian Mold
%X'0B000001'
%X'0001000E'
%X'000001A0'
999 12 2 1 1
0 20 0 6 0
J
10d8
14 5 1d3
3
Crud Gang Member
%X'07020002'
%X'00000000'
%X'00002000'
20 8 15 10 1
3 20 0 12 0
g
2d8
1 1 2d3|1 21 1d6
3
Blip Gang Member
%X'07020002'
%X'00000000'
%X'00002000'
20 8 15 10 1
3 17 0 18 0
g
3d5
1 1 1d6|1 6 1d6
3
Scruffy Hermit
%X'0A020002'
%X'00000000'
%X'00002030'
100 5 16 8 1
0 18 0 18 0
p
3d5
1 37 1d4|12 5 0d0
3
Worker Droid
%X'00020002'
%X'00000000'
%X'00001600'
40 7 8 18 2
0 20 0 8 0
d
2d8
1 1 1d4
3
Vogon Scout
%X'17020002'
%X'00000000'
%X'00002005'
800 7 8 18 1
2 25 0 18 0
v
3d6
1 27 1d4
3
Yellow Ectoplam
%X'0B000002'
%X'00000000'
%X'000010A0'
999 9 2 12 1
0 18 0 0 0
e
8d4
1 4 2d4
3
Wasp Swarm
%X'0000000A'
%X'00000000'
%X'00000000'
200 12 8 11 2
5 15 0 2 0
i
4d8
14 4 3d2
3
Yellow Walking Fungus
%X'00200022'
%X'00000000'
%X'000001B0'
100 4 7 6 0
7 20 0 0 0
f
4d8
15 12 1d3
3
Large Grey Snake
%X'0000000A'
%X'00000000'
%X'000000B0'
700 10 5 42 0
0 18 0 3 0
s
6d8
1 2 1d4|1 16 1d6
3
Radiation Orb
%X'00000002'
%X'00000000'
%X'00001600'
100 8 2 8 1
0 5 0 3 0
o
3d6
2 7 1d6
3
Studly Hacker
%X'00000012'
%X'00000000'
%X'00002036'
100 7 16 24 1
0 20 0 25 0
h
2d8
1 3 1d1|1 3 1d1|1 2 1d2
3
Targeting Droid
%X'00200002'
%X'00000000'
%X'00001680'
30 7 5 10 2
5 20 0 5 0
d
1d4
1 27 2d3
4
Berzerk Construction Drone
%X'02020012'
%X'00000000'
%X'00001601'
10 11 15 25 0
0 30 0 4 0
D
8d6
1 16 3d7
4
Rather Large Spider
%X'00200002'
%X'00000000'
%X'00002000'
50 10 15 18 1
7 30 0 4 0
x
9d5
14 2 3d6|1 9 4d4
4
Automated Steamroller
%X'16140012'
%X'0000021F'
%X'00001680'
20 13 10 25 1
0 90 0 3 0
m
7d6
1 26 3d4|1 16 2d5|1 17 2d4
4
Wind Vortex
%X'00010012'
%X'0001801D'
%X'00001102'
20 13 12 25 2
0 40 0 10 0
V
5d8
1 32 2d4
4
Flying Mutant Head
%X'16000002'
%X'0080021E'
%X'00003008'
100 8 8 30 1
0 5 0 0 0
h
3d7
23 2 2d5
4
Black Alien Ectoplasm
%X'00000001'
%X'00000000'
%X'000010A1'
0 8 2 11 1
0 15 0 6 0
e
8d8
1 13 1d3
4
Miffed Cannibal
%X'0022000A'
%X'00000000'
%X'00003000'
30 10 25 17 1
5 18 0 7 0
p
3d3
1 28 1d4
4
Lost Street Punk
%X'1B020002'
%X'00000000'
%X'00002000'
15 7 18 18 1
0 20 0 11 0
p
4d5
1 42 2d7
4
Blue Jarwangian Mold
%X'0B000001'
%X'00000000'
%X'000001A0'
999 14 2 21 1
0 15 0 0 0
J
12d8
7 5 1d6
4
Creeping Pennies
%X'02000002'
%X'00000000'
%X'00000002'
100 9 3 28 0
3 5 0 1 0
$
7d8
1 2 1d4|14 8 2d4
4
Jarwangian Bully
%X'0002000A'
%X'00000000'
%X'00002001'
100 8 10 20 1
0 23 0 15 0
j
4d6
1 6 2d3|1 1 2d2
4
Swarm of Lice
%X'00000022'
%X'00000000'
%X'00000002'
300 11 8 22 1
10 10 0 2 0
i
5d8
1 4 1d2|14 32 1d2
4
Tracker Orb
%X'00000002'
%X'00000000'
%X'00001600'
500 10 8 23 1
0 5 0 10 0
o
4d8
1 27 1d3|1 33 1d4
4
Blue Walking Fungus
%X'00200022'
%X'00000000'
%X'000001B0'
100 5 7 15 0
7 20 0 2 0
f
5d8
7 12 1d4
4
Fritzed Ceiling Fan
%X'00000001'
%X'00000000'
%X'00001200'
50 14 6 20 1
0 15 0 0 0
m
6d8
1 38 4d4|1 36 3d3
4
Jackal
%X'00000012'
%X'00000000'
%X'00002030'
300 8 12 19 1
4 15 0 5 0
a
3d8
1 2 1d6
4
Minor Borg
%X'0710000A'
%X'00000000'
%X'00001460'
100 30 20 42 1
0 20 0 25 0
d
9d8
1 31 1d8|6 39 2d6
5
Zarg!
%X'140A0002'
%X'00000000'
%X'000070A0'
40 25 20 35 2
0 20 0 20 0
Z
10d8
1 1 4d3|1 21 2d6
5
Pygmy Lord
%X'1B020002'
%X'00000000'
%X'00002000'
20 12 20 18 2
0 10 0 18 0
p
7d6
14 2 3d5|1 30 3d3
5
Mutant Cookie Monster
%X'15020022'
%X'00000000'
%X'00001000'
10 10 20 18 1
0 15 0 7 0
c
6d5
22 28 4d5
5
Grinch
%X'1A120002'
%X'00000408'
%X'00003000'
25 12 20 15 1
0 18 0 25 0
g
5d5
1 5 2d6|12 3 4d4
5
Invisible Mutant Spliff
%X'0F150032'
%X'0000003F'
%X'0000100C'
100 50 10 22 3
0 20 0 17 0
p
3d6
22 15 1d1
5
Kamikaze Attack Droid
%X'00020002'
%X'00000014'
%X'00001600'
0 100 25 15 2
3 20 0 5 0
d
10d5
1 17 3d4|1 16 3d4
5
Groigled Crechulak
%X'1B020012'
%X'00000000'
%X'00001041'
20 14 20 25 1
0 50 0 5 0
c
7d6
1 29 3d3|7 28 2d5|12 5 2d6|1 23 3d3
5
White Alien Ectoplasm
%X'00000001'
%X'00000000'
%X'000010A0'
10 6 2 15 1
0 20 0 4 0
e
1d1
11 13 2d4
5
Green Jarwangian Mold
%X'0B000001'
%X'00000000'
%X'000001A0'
999 18 2 6 2
0 20 0 0 0
J
22d8
9 5 1d2
5
Mutant Snake
%X'00020002'
%X'00000000'
%X'0000000C'
400 12 20 29 1
3 10 0 4 0
s
5d8
8 4 1d6
5
Silver Jarwangian Mold
%X'0B000001'
%X'00000000'
%X'000000B0'
1 15 2 25 1
0 20 0 0 0
J
20d8
23 5 1d3
5
Wide-Eyed Hacker
%X'13020002'
%X'00000000'
%X'00002004'
400 12 12 20 1
0 19 0 40 0
h
4d8
1 18 1d9
5
Swarming Flies
%X'00000012'
%X'00000000'
%X'00000022'
150 10 14 17 1
6 25 0 2 0
i
4d8
1 5 1d5
5
De-Energizing Orb
%X'0000000A'
%X'00000000'
%X'00001600'
100 20 4 15 1
0 8 0 4 0
o
7d8
21 27 1d8
5
Confused Psionicist
%X'07020002'
%X'00000000'
%X'00002030'
50 13 18 20 1
0 20 0 16 0
P
4d8
1 29 3d5
5
Red Walking Fungus
%X'00200022'
%X'00000000'
%X'000021B0'
100 6 7 18 0
7 20 0 2 0
f
5d8
5 12 1d6
5
Drooling Trekkie
%X'0022000A'
%X'00000000'
%X'00002004'
200 10 12 22 1
4 20 0 19 0
t
4d8
14 18 2d3|23 15 1d5
5
Copperhead Snake
%X'00000012'
%X'00000000'
%X'000000B0'
1 15 6 22 1
3 10 0 3 0
s
4d6
14 2 2d4
5
Rot Jarwangian Mold
%X'0B000001'
%X'00000000'
%X'000000B0'
1 15 2 30 1
0 20 0 0 0
J
20d8
22 5 2d3
5
Purple Alien Ectoplasm
%X'00000002'
%X'00000000'
%X'000010A0'
0 12 2 7 2
0 18 0 4 0
e
1d1
16 13 3d2
6
Zippy the Zapping Pinhead
%X'00020002'
%X'0000001A'
%X'00001280'
0 19 20 26 2
0 20 0 15 0
z
7d6
1 27 3d5|1 1 3d3
6
Brown Ectoplasm
%X'0B000001'
%X'00000000'
%X'000010A0'
999 20 2 15 1
0 18 0 4 0
e
15d8
3 1 3d4
6
Crude Dude
%X'13020002'
%X'00000000'
%X'00002004'
4 14 20 18 1
0 23 0 11 0
p
7d6
1 24 2d8|1 25 2d7
6
Gilded Unit
%X'02020002'
%X'0000004C'
%X'000020B4'
100 10 15 18 1
0 22 0 16 0
g
3d8
1 30 3d3|1 1 3d3
6
Mutant Head
%X'1900000A'
%X'0080100E'
%X'00001008'
12 20 16 35 1
0 5 0 10 0
h
7d7
14 21 2d5|1 2 2d6
6
Riotous Jarwangian
%X'0202000A'
%X'00000000'
%X'00002001'
300 18 15 20 1
0 20 0 25 0
j
3d8
1 2 3d3
6
Vogon Commander
%X'11020002'
%X'00000000'
%X'00002093'
40 15 20 25 2
0 30 0 15 0
v
7d7
1 27 1d10|3 22 1d6
6
Creeping Dimes
%X'0A000002'
%X'00000000'
%X'00000002'
100 18 4 50 0
4 5 0 1 0
$
12d12
1 2 1d6|14 8 2d6
6
Big-Time Drug Dealer
%X'0B020002'
%X'00000000'
%X'00002036'
100 16 20 32 1
0 20 0 17 0
p
9d8
1 37 2d7
6
Grey Hacker
%X'00000012'
%X'00000000'
%X'00002036'
100 14 16 22 2
0 20 0 40 0
h
3d8
1 3 4d2|1 2 4d2
6
Hallway Cleaner Robot 
%X'2912000A'
%X'00F80003'
%X'00005400'
10 15 16 80 1
3 20 0 10 0
D
1d4
1 16 8d4
6
Vogon Warrior
%X'00000012'
%X'00000000'
%X'00000025'
200 15 18 34 1
5 30 0 9 0
v
4d8
7 1 3d4
6
Rattlesnake
%X'00000012'
%X'00000000'
%X'000000B0'
1 20 6 24 1
2 10 0 3 0
s
6d7
14 2 2d5
6
Large Square Metal Box
%X'7F000001'
%X'0000002F'
%X'00004442'
0 25 1 35 1
1 50 0 1 0
#
200d8
1 23 4d4
7
Blinding Orb
%X'00000002'
%X'00000000'
%X'00001600'
100 15 2 16 1
0 8 0 4 0
o
4d8
10 7 2d6
7
Insane Jane
%X'2B0A000A'
%X'00000000'
%X'00003004'
60 18 20 23 1
0 19 0 18 0
p
7d9
1 13 1d8|3 23 2d5|1 28 3d4|1 36 3d3
7
Really Big Spider
%X'00200002'
%X'00000000'
%X'00002000'
25 17 20 25 1
6 25 0 4 0
x
10d5
14 2 2d7|15 28 3d4
7
Slam Dancer
%X'0710000A'
%X'00000000'
%X'000020E6'
200 22 20 40 1
3 17 0 3 0
p
11d8
1 16 1d10|1 17 2d4
7
Red Jarwangian Mold
%X'0B000001'
%X'00000000'
%X'000001A0'
999 26 2 8 1
0 20 0 2 0
J
26d8
2 5 2d5
7
Secret Agent
%X'1B020002'
%X'00000000'
%X'00002004'
10 18 25 30 1
0 20 0 24 0
p
8d7
12 27 3d6|1 30 3d5
7
Minor Melee Mutant
%X'2B020002'
%X'00000000'
%X'000033FE'
50 25 12 30 1
3 20 0 5 0
M
9d12
1 1 3d4|3 6 2d3|9 9 3d4|22 28 3d3
7
Green Ectoplasm
%X'00000012'
%X'00000000'
%X'00000022'
200 18 14 18 1
0 18 0 4 0
e
5d8
9 5 3d5
7
Black Nemesis
%X'1A000002'
%X'00000000'
%X'00001108'
0 18 20 20 1
0 20 0 18 0
N
8d9
10 11 6d3|1 8 3d4
7
Mutant Spam
%X'00020002'
%X'00000000'
%X'0000002E'
300 14 20 20 1
4 5 0 5 0
M
6d8
1 28 4d3|1 1 5d3
7
Mutant Monkey
%X'0015001A'
%X'0000002F'
%X'0000100C'
100 18 4 18 1
1 10 0 30 0
M
2d8
1 1 4d5|18 5 2d6
7
Greedy Little Guy
%X'0B020002'
%X'00000000'
%X'00002030'
100 13 18 24 1
0 16 0 13 0
p
3d8
1 1 2d7|13 29 3d4
7
Seeker Android
%X'29020002'
%X'00000000'
%X'00003404'
0 23 12 30 2
0 20 0 13 0
d
4d8
1 1 3d5
7
nothingness
%X'19000002'
%X'00000035'
%X'00002102'
30 20 15 19 1
0 1 0 0 0
.
5d6
1 9 5d5
7
Box of Pez (tm)
%X'22000001'
%X'0010208B'
%X'00008632'
15 18 15 34 2
2 5 0 0 0
*
10d7
1 26 6d5
8
Action Jackson
%X'12020002'
%X'00002088'
%X'00002024'
15 20 20 19 2
0 20 0 17 0
p
7d10
23 6 1d8|2 36 2d6
8
Mutant Larch
%X'00000001'
%X'0001004A'
%X'00001028'
0 21 10 35 1
0 50 0 5 0
M
11d12
1 16 3d6|1 16 3d6
8
Pissed Pygmy
%X'03020002'
%X'00000000'
%X'00002000'
20 19 22 26 2
3 10 0 8 0
p
7d8
14 21 2d4|1 28 2d4
8
Targetting Laser Droid
%X'07020002'
%X'00000000'
%X'00001600'
100 11 18 26 1
5 20 0 10 0
l
3d8
1 27 3d6
8
excuse for birth control
%X'02020002'
%X'0080080D'
%X'00000002'
25 20 20 24 2
1 20 0 6 0
b
7d6
1 28 2d7|30 25 2d5
8
Splikted Momifractor
%X'3B000002'
%X'0000A04A'
%X'00000121'
15 17 35 23 1
0 25 0 20 0
M
10d10
8 20 8d4
8
Energy Vortex
%X'0B160012'
%X'0001041C'
%X'00001122'
10 20 20 33 2
0 30 0 4 0
V
12d9
23 5 2d5|7 32 2d4
8
Green Ectoplasmic Residue
%X'0B000002'
%X'00000000'
%X'000010A0'
250 28 2 22 2
0 18 0 4 0
e
21d8
4 15 5d4
8
Heinous Mutant Zymogger
%X'23020002'
%X'00000000'
%X'00003108'
10 20 20 28 1
0 25 0 10 0
z
8d8
25 7 3d5|8 4 3d5|1 24 5d3
8
Wiffled Snarfbanger
%X'0B180002'
%X'0008211C'
%X'000030B1'
0 30 15 40 1
2 20 0 30 0
W
9d9
1 23 4d5|14 4 3d5|8 33 3d3
8
Mutant Yak
%X'00020002'
%X'00000000'
%X'0000100C'
400 26 20 40 1
0 45 0 5 0
M
10d8
1 38 3d7
8
Security Drone
%X'00020002'
%X'0000010A'
%X'000016A1'
10 40 30 40 1
0 20 0 10 0
D
18d9
1 27 4d6|1 1 4d6
8
Major Insect Swarm
%X'00000012'
%X'00000000'
%X'00000022'
200 22 14 26 2
5 30 0 2 0
i
4d8
31 4 3d3|6 32 3d5
8
Con-Artist
%X'1B020002'
%X'00000000'
%X'00002030'
999 26 20 32 1
0 19 0 30 0
p
8d8
1 1 3d4|12 5 0d0
8
Raging Bull
%X'00020002'
%X'00000017'
%X'000020F6'
100 25 20 74 1
0 45 0 3 0
a
10d8
4 17 2d4|1 1 4d4|1 21 2d8
9
Evil Hotel Clerk
%X'13020002'
%X'00000000'
%X'00002034'
200 22 20 34 1
0 20 0 18 0
p
8d8
1 1 3d7
9
Seeker Orb
%X'0000000A'
%X'00000000'
%X'00001600'
800 24 14 33 1
0 5 0 16 0
o
7d8
1 5 3d4|9 8 2d9
9
Lone Psionicist
%X'18020002'
%X'00018098'
%X'00003004'
50 35 30 24 1
0 20 0 30 0
P
10d10
5 1 3d8|1 26 2d8
9
Mutant Slorg
%X'23120002'
%X'0011805C'
%X'00003008'
200 25 10 30 1
0 60 0 5 0
S
8d10
14 2 3d4|24 20 3d8
9
Beachcomber's Hat
%X'0000000A'
%X'00000000'
%X'00002036'
100 17 16 22 2
0 5 0 2 0
h
3d8
1 28 3d3|1 2 2d3
9
Frenzied Spiderbot
%X'0002000A'
%X'0008000C'
%X'00001680'
10 20 25 43 1
4 25 0 10 0
x
10d15
1 2 6d6|1 34 5d6
9
Vogon Spy
%X'1702000A'
%X'00000000'
%X'00002065'
250 20 12 27 1
0 30 0 22 0
v
8d8
1 31 3d6|1 1 5d6
9
Shadow Borg
%X'07030002'
%X'00000000'
%X'00001461'
100 24 18 33 1
0 20 0 43 0
b
7d8
8 36 3d9
9
Crazed Guru
%X'0B020002'
%X'00008085'
%X'00002036'
200 30 20 24 1
0 20 0 18 0
P
9d8
1 21 5d8
9
Large-ish Red Ant
%X'00000002'
%X'00000000'
%X'00000002'
600 22 12 34 1
0 10 0 3 0
a
4d8
1 2 3d4|2 4 3d4
9
King Cobra
%X'00000012'
%X'00000000'
%X'000000B0'
1 28 8 30 1
0 10 0 3 0
s
8d8
10 9 6d2|14 2 3d4
9
Rodent Of Unusual Size
%X'00210002'
%X'00000000'
%X'000000A0'
0 8 4 21 1
5 25 0 4 0
r
4d10
1 2 3d5
10
Slorged Mutant
%X'16020002'
%X'00002228'
%X'00001018'
0 22 25 28 1
0 35 0 5 0
M
8d8
17 22 3d8|7 18 4d4
10
Gravity Bot
%X'1B020002'
%X'0000824C'
%X'00001502'
0 25 25 45 1
0 20 0 5 0
D
13d10
1 16 5d6|1 39 4d4
10
Lost Baby
%X'12040002'
%X'0000900B'
%X'00002000'
0 25 35 35 1
0 5 0 5 0
p
8d9
1 9 5d5|1 18 6d4
10
Guardian Android
%X'11020002'
%X'00000000'
%X'00005694'
10 23 25 45 1
3 22 0 15 0
d
10d12
1 27 3d9|9 31 2d8|1 1 1d10
10
Drooling Trekker
%X'0000000A'
%X'00000000'
%X'00000022'
200 27 12 45 0
4 20 0 19 0
t
15d8
14 2 2d6
10
Vortex of Fate
%X'4B120002'
%X'0001811A'
%X'00001001'
0 26 20 40 2
0 35 0 5 0
V
12d12
7 29 2d5|1 32 2d5|11 11 2d6
10
Rug Monster
%X'19040012'
%X'00000000'
%X'00002102'
0 25 25 40 2
0 25 0 2 0
r
6d18
1 30 3d5|14 21 2d3|22 28 1d10
10
Hairy Ectoplasm
%X'0B000002'
%X'00000000'
%X'000010A0'
700 32 2 25 1
0 18 0 6 0
e
15d8
14 1 1d3
10
Drooling Baby
%X'231A0002'
%X'0000100B'
%X'00007104'
30 35 17 35 1
0 5 0 5 0
p
15d10
1 9 2d10|3 10 2d5|1 18 3d10
10
Energy-Absorbing Sponge
%X'0B000002'
%X'00000000'
%X'000014A0'
100 40 2 30 1
0 10 0 2 0
e
16d10
21 5 1d6
10
Automated Copy Machine
%X'00000002'
%X'00000000'
%X'00000482'
500 24 12 36 2
6 40 0 1 0
m
20d10
1 38 1d2|14 1 1d2
10
Creeping Quarters
%X'0A000002'
%X'00000000'
%X'00000002'
500 60 20 65 1
4 8 0 2 0
$
18d12
1 2 2d5|14 8 3d5
10
Sparkling Ectoplasm
%X'00200002'
%X'00000000'
%X'00000032'
200 15 15 28 1
10 18 0 6 0
e
4d6
1 5 4d3
10
Soldier
%X'19020002'
%X'00000000'
%X'00002030'
100 35 20 40 1
2 22 0 18 0
p
9d8
1 37 2d4|13 5 0d0
10
Hulking Wrestler
%X'19020002'
%X'00000000'
%X'000070F6'
400 50 20 30 1
0 28 0 8 0
p
9d9
1 34 3d8|1 1 3d8
11
Face of Death
%X'3301000A'
%X'00214018'
%X'00003114'
5 42 30 71 2
0 10 0 30 0
F
22d12
14 7 5d5|1 28 6d4|31 9 3d2
11
Mutant Orb
%X'02000022'
%X'0041140D'
%X'00001600'
20 26 18 35 1
0 5 0 10 0
o
15d6
2 7 3d8|1 23 5d4
11
Spider Warbot
%X'17020002'
%X'00000000'
%X'00001600'
10 25 25 51 1
5 25 0 5 0
X
20d12
1 2 7d5|1 4 5d5
11
Zippy's Big Brother
%X'17010012'
%X'00018235'
%X'00001000'
15 35 20 40 2
0 22 0 12 0
z
10d20
15 27 3d6|1 39 6d3|24 36 6d4
11
Infinite Nothingness
%X'331A000A'
%X'00000000'
%X'00001002'
10 33 20 75 1
0 100 0 1 0
N
19d15
10 32 2d12|21 13 3d5|17 29 2d4
11
Mutant Walrus
%X'00020002'
%X'00000000'
%X'0000102E'
250 30 20 35 1
0 25 0 6 0
M
11d8
1 16 1d4|1 1 1d4
11
Fighting Guru
%X'0F020002'
%X'00000000'
%X'00002036'
250 34 20 38 1
0 20 0 16 0
P
11d8
1 1 2d6
11
Vorpal Bunny
%X'0020000A'
%X'00000000'
%X'00002070'
300 20 8 25 2
5 5 0 10 0
a
10d5
1 2 5d5|2 28 4d4
11
Rude Nasty Short Guy
%X'0B020002'
%X'000020B5'
%X'00002030'
10 32 18 25 1
7 18 0 10 0
p
4d8
1 1 1d5
11
Guru Warlord
%X'0F020002'
%X'00000000'
%X'00002036'
300 38 20 50 1
0 22 0 20 0
P
12d8
1 1 3d10
11
Black Mamba
%X'00000012'
%X'00000000'
%X'000000B0'
1 40 20 40 2
3 10 0 3 0
s
10d8
14 2 4d4
12
Grape Jarwangian Mold
%X'0B000001'
%X'0001000A'
%X'000001A0'
999 60 2 30 1
0 20 0 2 0
J
52d8
19 5 5d8
12
Blind Old Man
%X'43120002'
%X'0041240A'
%X'00003004'
10 33 20 45 1
0 18 0 20 0
P
12d15
1 30 4d4|22 34 4d4|1 21 4d4
12
door
%X'17000001'
%X'0001200C'
%X'00001682'
20 29 20 45 1
0 23 0 1 0
+
12d20
4 23 4d5|15 10 2d6|1 26 3d6|1 13 4d3
12
Plasma-Repeater Laser
%X'07020002'
%X'00008018'
%X'00001600'
100 28 18 55 2
0 15 0 4 0
l
18d6
1 27 4d8
12
Evil Guru
%X'13020002'
%X'00000285'
%X'00002030'
400 36 20 35 1
0 20 0 40 0
P
7d8
1 36 2d3
12
Street Magician
%X'11020002'
%X'0001B096'
%X'00002004'
20 28 15 45 1
0 20 0 19 0
p
10d8
1 26 2d12|1 23 1d12|1 7 2d6
12
Wispling Android
%X'00010002'
%X'00000000'
%X'00001600'
200 24 12 30 1
2 20 0 10 0
d
5d10
1 31 8d4
12
Menacing Vortex
%X'00030022'
%X'00000000'
%X'00000010'
200 40 12 35 3
0 35 0 2 0
V
19d10
1 32 6d3
12
Mutant Wasp
%X'00020002'
%X'00000000'
%X'0000100C'
300 38 20 40 1
3 10 0 5 0
M
12d8
1 4 1d8
12
Mutant Frog
%X'00020002'
%X'00000000'
%X'0000102E'
200 34 20 35 1
2 10 0 17 0
M
11d8
1 1 1d4|1 1 1d4
12
Fritzed Electrical Circuit
%X'43000001'
%X'0008000A'
%X'00001682'
0 25 20 55 0
0 5 0 1 0
#
15d10
8 4 5d6
12
Complaining Mutant Bee
%X'0F15000A'
%X'0001002E'
%X'0000100C'
300 44 6 35 1
3 5 0 15 0
M
4d8
4 10 0d0|15 4 1d8
12
Ninja
%X'13020002'
%X'00000000'
%X'00002030'
100 40 20 45 1
1 19 0 20 0
p
11d9
1 30 4d8
12
Giant Oil Beetle
%X'0000000A'
%X'00000000'
%X'00002030'
300 38 10 50 1
0 25 0 10 0
a
13d8
1 2 3d4|15 9 1d2
13
Vile Prince
%X'231C0012'
%X'0041910E'
%X'00001042'
0 38 25 53 2
0 20 0 16 0
P
19d13
10 36 4d5|25 1 2d8|6 29 1d20
13
Negative Orb
%X'4B020002'
%X'0001204E'
%X'00005581'
30 42 10 50 1
0 5 0 10 0
o
13d12
19 7 3d3|2 27 3d3|8 23 5d5
13
Extremely Ugly Woman
%X'27020002'
%X'0000010B'
%X'00007136'
500 50 30 40 1
0 20 0 14 0
p
12d8
25 7 0d0|2 2 1d4|31 11 1d9
13
Ogrish Guru
%X'07020002'
%X'00000000'
%X'00002036'
300 42 20 45 1
0 25 0 15 0
P
26d8
1 1 5d8
13
Mutant Spam
%X'0000000A'
%X'00000000'
%X'000000A2'
300 32 12 30 1
0 20 0 10 0
M
6d8
1 28 3d4
13
Green Eyed Scientist
%X'13020002'
%X'00002412'
%X'00006030'
100 35 20 30 1
0 20 0 40 0
p
12d8
1 1 2d2
13
Devilish Guru
%X'0B020002'
%X'00000000'
%X'00002036'
200 40 20 45 1
0 20 0 15 0
P
12d8
1 37 3d4
13
Giant Long-Eared Bat
%X'0000001A'
%X'00000000'
%X'00002160'
200 20 12 35 3
0 20 0 5 0
a
5d8
1 2 1d4|1 3 1d2|1 3 1d2
13
Swarm of Nits
%X'00200022'
%X'00000000'
%X'00000062'
100 9 8 25 3
12 50 0 2 0
i
5d12
1 4 8d2
13
Robotic Roper
%X'1A020002'
%X'00000000'
%X'00004422'
500 35 30 50 1
0 20 0 5 0
R
24d10
2 11 1d2|2 34 1d2|2 20 1d2
14
Major Psionicist
%X'43030002'
%X'0001911A'
%X'00002004'
30 46 12 55 1
0 20 0 45 0
P
16d8
1 29 6d6
14
Vogon Overlord
%X'23120002'
%X'00000000'
%X'00003004'
100 50 18 40 1
0 30 0 20 0
v
18d10
1 1 5d3|3 35 3d3
14
Giant White Dragon Fly
%X'00000012'
%X'0040000A'
%X'00000060'
500 40 20 30 1
2 20 0 4 0
i
5d8
7 2 1d6
14
Aladdin's Lamp
%X'15000001'
%X'00000000'
%X'00002002'
40 45 30 60 2
0 10 0 30 0
@
20d10
1 18 4d5|3 24 3d6|1 15 2d7
14
Mutant Bowling Ball
%X'000A0002'
%X'00000000'
%X'00005280'
50 47 15 55 2
0 5 0 2 0
o
15d15
1 16 4d4|1 17 4d4|1 1 6d6
14
Patrol Robot Mark I
%X'07020002'
%X'00000000'
%X'00002434'
500 52 20 55 1
2 23 0 5 0
1
16d10
1 27 6d6
14
Robotic Flesh Golem
%X'00020002'
%X'00000000'
%X'000015B0'
100 48 12 35 1
0 20 0 1 0
g
12d8
1 36 2d6|1 1 2d6
14
Guardian Robot
%X'00000002'
%X'00400004'
%X'00001600'
50 40 12 55 1
0 25 0 5 0
R
16d8
1 1 8d4
14
Quick li'l Laser
%X'00200012'
%X'00000000'
%X'00001600'
0 40 6 30 2
7 5 0 10 0
l
10d10
1 2 7d3
14
Guardian
%X'1710000A'
%X'00000000'
%X'000020E6'
20 60 20 65 1
0 20 0 20 0
G
24d15
1 16 3d8|2 2 3d8
15
Drooling Psionicist
%X'37020002'
%X'00000000'
%X'00003004'
50 40 25 50 1
0 20 0 25 0
P
10d9
17 29 4d4|3 35 5d3|1 1 3d3
15
Mutant Pigeon
%X'00000022'
%X'00000018'
%X'00001008'
10 25 25 40 6
5 10 0 5 0
p
10d10
3 1 3d5
15
Warbot
%X'110A0002'
%X'0001010F'
%X'00005694'
0 55 35 75 0
2 25 0 10 0
W
50d8
1 27 3d10|1 31 3d8|1 17 6d6
15
Major Melee Mutant
%X'22020002'
%X'00000000'
%X'000063FF'
15 60 17 55 2
3 20 0 15 0
M
20d15
2 1 4d5|3 5 3d6|4 9 2d7|10 23 2d7|30 30 2d10
15
Swarm of Invisible Insects
%X'00010002'
%X'00000000'
%X'00000002'
300 20 10 30 1
4 20 0 2 0
i
5d8
1 4 2d4|1 32 2d4
15
Leprous Jarwangian
%X'0000000A'
%X'00000000'
%X'00002001'
100 30 18 40 1
0 20 0 20 0
j
10d8
30 2 3d9
15
Battle-Weary Vogon
%X'2302000A'
%X'00010008'
%X'00002005'
50 35 22 60 0
0 30 0 17 0
v
12d18
1 1 4d4|1 27 4d4|1 16 4d4
15
Patrol Robot Mark II
%X'07020002'
%X'00000000'
%X'00000424'
500 54 20 58 1
3 23 0 10 0
2
17d14
7 31 6d6
15
Worker Borg
%X'00020002'
%X'00000000'
%X'00001461'
100 50 12 35 1
3 20 0 20 0
d
14d8
1 36 3d8|1 1 3d6
15
Huge White Bat
%X'00200012'
%X'00000000'
%X'00002160'
400 3 7 25 2
6 15 0 3 0
b
3d8
1 2 1d6
15
Security Bot
%X'0000000A'
%X'00000000'
%X'00001460'
0 70 10 80 1
5 20 0 5 0
R
25d8
1 27 4d6|26 5 3d6
15
Guard Drone
%X'00000002'
%X'00000000'
%X'000024B6'
20 70 15 80 1
1 20 0 5 0
d
25d12
1 1 2d6|1 36 2d6|1 6 2d6|1 34 2d6
15
Giant Tan Bat
%X'00000012'
%X'00000000'
%X'00002160'
400 18 12 30 2
1 15 0 3 0
b
3d8
4 2 1d2|1 3 1d1|1 3 1d1
15
Violet Ectoplasm
%X'0B000002'
%X'00010008'
%X'000010A0'
700 50 2 30 2
0 18 0 9 0
e
17d8
11 1 8d3|31 5 4d4
15
Alien Borg
%X'12400002'
%X'00000000'
%X'00001461'
20 70 20 60 1
0 20 0 30 0
A
25d8
1 1 3d6|26 35 2d3
15
Hulking Guru
%X'00020002'
%X'00000000'
%X'00002126'
100 75 20 36 1
0 20 0 15 0
P
20d8
3 7 0d0|1 1 1d6|1 34 1d6|1 6 2d6
16
Acidic Ectoplasmic Cube
%X'2F18000A'
%X'00000000'
%X'000000A2'
1 36 12 85 0
0 100 0 1 0
C
45d15
6 39 3d10
16
Rather Annoying Monster
%X'23120002'
%X'00119C7F'
%X'00001182'
0 38 30 50 2
0 70 0 10 0
r
20d13
13 5 3d8|21 13 2d9|14 2 2d8|1 24 2d12
16
Venerable Balrog
%X'43030002'
%X'0081209D'
%X'00003004'
20 70 18 52 2
0 100 0 50 0
B
20d20
14 2 4d5|1 1 4d4|26 2 3d5|1 17 2d30
16
Giant Green Dragon Fly
%X'00000012'
%X'0010000A'
%X'00000070'
500 35 20 30 1
2 25 0 5 0
i
5d8
14 2 1d6
16
Patrol Robot Mark III
%X'07020002'
%X'00000000'
%X'00002414'
500 62 20 66 1
3 20 0 15 0
3
20d15
5 31 3d8|8 27 3d4
16
Green Dragon Bat
%X'00000012'
%X'00100004'
%X'00002150'
500 24 12 32 3
0 15 0 5 0
b
2d7
14 2 15d3
16
Quasi-Droid
%X'1103000A'
%X'000010FA'
%X'00000404'
200 48 20 40 2
0 10 0 20 0
q
5d8
15 2 1d6|1 38 3d3|1 3 5d3
16
Hellacious Hound
%X'17000002'
%X'00800003'
%X'00006010'
500 65 20 60 1
1 15 0 5 0
H
15d18
1 2 5d8|5 8 7d6
17
Minor Negative Being
%X'43170002'
%X'00000000'
%X'00001108'
40 75 20 65 1
0 20 0 20 0
N
17d19
2 5 4d4|17 23 4d4|21 1 4d4|31 25 5d4
17
Alien Thundercloud
%X'0000000A'
%X'00000000'
%X'00000020'
400 58 12 45 2
0 100 0 1 0
V
15d15
1 32 6d4
17
Giant Brown Scorpion
%X'0000000A'
%X'00000000'
%X'00000002'
200 62 14 55 1
0 10 0 3 0
a
11d8
1 2 2d4|2 4 1d7
17
Fritzed Automated Tractor
%X'0000000A'
%X'00000000'
%X'00000400'
500 64 10 65 1
0 90 0 4 0
m
20d15
1 16 5d8|1 26 5d8
17
Robosaurus Rex
%X'00000002'
%X'00000000'
%X'00005680'
100 66 20 70 2
0 100 0 5 0
m
18d18
5 39 7d8
18
Minor Seeker
%X'43070002'
%X'0001913D'
%X'00007402'
0 88 50 80 1
0 10 0 20 0
S
20d15
2 2 3d3|4 4 4d4|15 15 3d5|1 7 3d5
18
Black-Robed Guru
%X'0B020002'
%X'00000000'
%X'00002036'
200 68 20 70 1
0 20 0 40 0
P
14d10
1 38 3d5
18
Patrol Robot Mark IV
%X'07020002'
%X'00000000'
%X'00002604'
500 80 20 70 1
1 20 0 20 0
4
22d15
1 27 7d8
18
Mind Flayer
%X'2B020002'
%X'00000135'
%X'000072F4'
0 200 30 45 1
0 20 0 25 0
F
24d15
27 20 0d0|1 29 6d8
19
Mega-Guardian
%X'13020002'
%X'0028010E'
%X'00005200'
0 100 12 99 1
0 30 0 10 0
G
28d20
1 36 3d10|1 1 2d13|30 5 4d8
19
Grey Ooze
%X'071A0022'
%X'00000000'
%X'000000A2'
1 40 15 40 1
0 10 0 2 0
O
8d8
7 32 2d6
19
De-energizing Ooze
%X'071A0022'
%X'00000000'
%X'000000A2'
1 50 15 40 1
2 10 0 5 0
O
8d8
21 5 0d0
19
Giant Spotted Rat
%X'0020000A'
%X'00000000'
%X'00002070'
200 3 8 30 1
7 10 0 4 0
r
4d5
14 2 1d5
19
Mutant Lemming
%X'0B020002'
%X'00000000'
%X'0000102C'
750 46 20 45 1
10 7 0 1 0
M
13d10
1 38 1d6|1 17 1d6
19
Giant Black Beetle
%X'0000000A'
%X'00000000'
%X'00000002'
300 75 14 60 1
0 10 0 3 0
a
18d8
1 2 4d5
19
Red Ectoplasm
%X'0B000002'
%X'00000000'
%X'000030A0'
700 30 2 35 1
0 18 0 7 0
e
17d8
5 5 4d4
19
Dancing Light-Saber
%X'00000022'
%X'00000000'
%X'00001000'
500 100 12 120 3
0 10 0 4 0
|
20d15
1 37 4d8|1 38 4d8
20
Predator
%X'210B0002'
%X'00000000'
%X'00001081'
25 55 30 60 1
0 24 0 40 0
P
22d12
1 1 5d5|1 31 6d6|1 27 5d5
20
Genie
%X'431F0002'
%X'0091B17B'
%X'00001000'
0 80 30 70 2
0 18 0 40 0
G
15d14
21 5 4d4|19 7 4d6|9 16 6d6
20
Bigger Warbot
%X'00020002'
%X'0008000B'
%X'00001680'
0 85 18 80 2
0 50 0 2 0
W
20d16
1 27 4d4|1 31 4d4|8 33 4d4|1 1 4d4
20
Giant Black Dragon Fly
%X'00000012'
%X'00200009'
%X'00000072'
500 28 20 42 1
2 15 0 3 0
i
5d10
10 2 1d6
20
Patrol Robot Mark V
%X'07020002'
%X'00000000'
%X'00002534'
500 125 20 80 1
1 20 0 25 0
5
26d15
8 33 10d8
20
Black Dragon Bat
%X'00000012'
%X'0020000A'
%X'00002150'
500 30 12 40 3
0 15 0 3 0
b
2d8
6 2 1d3
21
Mutant Alligator
%X'00000012'
%X'00080004'
%X'00002150'
500 44 12 45 2
0 35 0 5 0
M
6d6
8 2 8d5
21
Giant Mutant Snake
%X'0B020002'
%X'00000000'
%X'0000102C'
750 50 20 40 1
1 15 0 3 0
s
15d8
1 2 2d4|1 16 2d4
21
Giant Boring Beetle
%X'00000002'
%X'00000000'
%X'00000002'
300 70 12 60 1
0 10 0 3 0
a
20d8
1 2 4d5
21
Giant Stag Beetle
%X'0000000A'
%X'00000000'
%X'00000002'
300 80 12 70 1
0 16 0 3 0
a
21d8
1 2 3d4|1 1 1d12
22
Black Ectoplasmic Residue
%X'0B000082'
%X'00000000'
%X'000010A0'
100 38 2 40 1
0 18 0 1 0
e
16d9
1 1 4d5|31 13 3d3
22
Mutoid Man
%X'23020002'
%X'0010300C'
%X'00006428'
40 85 20 75 2
0 50 0 15 0
M
24d15
1 1 4d4|1 36 4d4|1 30 4d3|30 34 4d3
22
Patrol Robot Mark VI
%X'00020002'
%X'00000000'
%X'00001480'
100 160 12 130 0
1 20 0 30 0
6
84d15
1 36 3d12|1 1 3d12
22
Giant Yellow Scorpion
%X'0000000A'
%X'00000000'
%X'00000002'
200 60 12 50 1
0 10 0 3 0
a
13d8
1 2 1d8|14 4 2d5
22
Green Ooze
%X'00200002'
%X'00000000'
%X'000000B2'
1 6 15 30 0
10 10 0 1 0
O
4d8
6 5 2d3
22
Black Ooze
%X'003A0012'
%X'0001000A'
%X'00000192'
1 7 10 30 0
10 10 0 1 0
O
7d8
9 32 2d6
23
Buff Wrestler
%X'13120002'
%X'00000000'
%X'00002030'
400 60 20 60 1
0 23 0 7 0
p
16d10
1 34 5d5
23
Red Drooling Bat
%X'00000012'
%X'00800004'
%X'00002150'
500 34 12 50 3
0 15 0 3 0
b
3d8
5 39 3d3
23
Giant Blue Beetle
%X'0000000A'
%X'00000000'
%X'00000002'
300 50 15 70 1
0 15 0 3 0
a
22d8
1 2 4d5
23
Giant Silver Ant
%X'0000000A'
%X'00000000'
%X'00000002'
600 40 15 60 1
3 10 0 3 0
a
6d8
6 28 4d4
23
Crimson Ectoplasm
%X'0B000001'
%X'00000000'
%X'000010A0'
500 65 2 40 1
0 18 0 6 0
e
18d12
1 1 3d3|4 5 4d3
23
Mutant Gorilla
%X'0F00000A'
%X'0001100F'
%X'0000112E'
300 110 20 50 1
0 25 0 6 0
M
12d10
1 34 1d6|1 1 1d6|19 5 12d8
24
Patrol Robot Mark VII
%X'07020002'
%X'00000000'
%X'00002430'
100 65 20 145 1
0 23 0 35 0
7
45d15
1 27 5d8|1 1 4d8
24
Large Mutant Fern
%X'0B020002'
%X'00000000'
%X'0000102C'
600 70 20 58 1
0 60 0 10 0
M
18d10
1 4 6d4|1 26 6d4
24
Mutant Lawyer
%X'0F15001A'
%X'0001002F'
%X'0000100C'
100 70 20 45 2
0 20 0 40 0
M
8d10
4 10 0d0|19 29 14d8
24
Saber of Skelos
%X'000A000A'
%X'00000000'
%X'00001000'
2000 500 12 125 4
0 15 0 10 0
|
80d12
1 37 3d8|1 38 3d8
25
Hellacious Horse
%X'00020002'
%X'00800015'
%X'000060D6'
100 175 30 115 1
0 45 0 10 0
H
24d10
1 2 2d8|1 6 2d8|28 8 4d8
25
Patrol Robot Mark VIII
%X'0F020002'
%X'00000000'
%X'00002426'
500 85 20 160 1
0 23 0 40 0
8
60d13
1 27 5d8|1 1 5d8|1 31 6d6
25
Giant Brown Tick
%X'00000012'
%X'00000000'
%X'00000022'
200 70 12 70 0
3 20 0 4 0
t
20d8
14 2 1d10|10 4 1d25
25
Zamphir & his Pan-Pipes
%X'43020002'
%X'00000000'
%X'00003004'
300 85 15 80 1
0 20 0 25 0
Z
22d15
3 10 6d6|20 10 5d3|30 22 1d15
25
Wooden Ectoplasm
%X'00000002'
%X'00000000'
%X'000010A0'
999 100 2 70 2
0 18 0 4 0
e
26d10
14 8 2d6
25
Swarm Of Lightning Bugs
%X'00000012'
%X'00080009'
%X'00000030'
500 75 20 60 1
4 20 0 2 0
i
10d10
8 33 2d6
25
Alien Rock Monster
%X'00060002'
%X'00000000'
%X'00005283'
40 90 10 70 1
0 34 0 10 0
R
20d10
1 36 2d12|1 16 5d4
26
De-energizing Bat
%X'00000012'
%X'00000000'
%X'00002060'
1 75 14 40 3
2 15 0 3 0
b
6d8
21 1 2d2
26
Dancing Vibro-Sword
%X'11020001'
%X'00000000'
%X'00005680'
50 155 20 150 2
0 10 0 2 0
|
35d18
24 1 3d3|23 37 3d3|24 38 3d3|8 36 5d5
26
Mutant Sprilldipper
%X'0F02000A'
%X'0001000A'
%X'0000112E'
100 100 20 60 1
0 32 0 10 0
M
15d10
1 29 3d6|1 1 3d6|30 5 15d8
26
Giant Black Scorpion
%X'00000002'
%X'00000000'
%X'00000002'
200 85 12 70 1
0 10 0 3 0
a
13d8
1 2 1d10|14 4 2d5
26
Clear Ooze
%X'000B000A'
%X'00000000'
%X'000000B2'
1 12 10 35 1
0 10 0 0 0
O
6d8
3 5 1d8
26
Giant Alien Beetle
%X'00000012'
%X'00000000'
%X'00002012'
300 95 14 65 1
0 20 0 16 0
a
13d10
1 39 3d4|5 9 4d5
27
Eric the Mutant Half-Bee
%X'17000002'
%X'00011209'
%X'0000112E'
100 175 20 65 1
0 7 0 18 0
M
20d12
1 4 1d6|1 2 1d6|25 4 18d8
27
Giant Red Dragon Fly
%X'00000012'
%X'00800008'
%X'00002050'
500 65 20 45 1
3 23 0 3 0
i
7d8
4 2 1d6
27
Shimmering Ectoplasm
%X'0B000082'
%X'00000000'
%X'000010A0'
100 180 2 45 1
0 18 0 4 0
e
34d8
8 5 5d4
27
Black Garbed Ninja
%X'17020002'
%X'0000010F'
%X'00002030'
100 140 20 80 2
2 20 0 26 0
p
23d10
1 30 6d6
28
Scientist
%X'13020002'
%X'00002C73'
%X'00002030'
100 150 20 60 1
1 20 0 45 0
P
10d15
1 36 2d5
28
Patrol Robot Mark IX
%X'0F020002'
%X'00000000'
%X'00000426'
500 160 20 175 1
0 23 0 45 0
9
35d12
1 27 5d10|1 1 5d10|7 2 3d6
28
Seeker
%X'47070002'
%X'0001801C'
%X'00007402'
50 425 50 100 1
0 10 0 35 0
S
25d25
1 1 5d5|3 3 3d3|20 10 0d0|7 8 6d6
28
Giant Purple Worm
%X'0000000A'
%X'00000000'
%X'00002030'
300 400 14 95 1
0 55 0 3 0
w
70d10
1 1 1d8|6 2 2d8|14 4 1d8
29
Blue Daisyian Cadet
%X'1F00000A'
%X'0008100B'
%X'00002005'
700 300 20 80 1
0 60 0 20 0
A
35d15
1 3 3d4|1 31 3d4|1 2 3d6
29
White Daisyian Cadet
%X'1F00000A'
%X'0040100B'
%X'00002005'
700 275 20 80 1
0 60 0 20 0
A
33d16
1 3 3d4|1 3 4d4|1 2 3d6
29
Green Daisyian Cadet
%X'1F00000A'
%X'0010100B'
%X'00002005'
700 290 20 80 1
0 60 0 20 0
A
34d15
1 3 3d4|1 37 3d4|1 2 3d6
29
Giant Fire Bat
%X'00000012'
%X'00000000'
%X'00002050'
100 85 14 60 2
0 15 0 3 0
a
5d8
5 2 3d6|1 24 1d4|1 3 1d4
29
Creeping Mauve Ectoplasm
%X'00200002'
%X'00000000'
%X'00000002'
200 20 8 50 1
10 18 0 4 0
e
11d11
8 2 2d7
29
Mutant Ninja Turtle Baby
%X'49020002'
%X'00000000'
%X'0000500C'
400 225 20 85 1
2 10 0 10 0
T
16d15
1 21 3d6|1 1 3d6|1 30 3d4|1 36 3d6
30
Giant Lightning Bat
%X'0000000A'
%X'00000000'
%X'00002042'
100 80 15 60 2
0 15 0 3 0
b
8d8
8 33 3d8|1 3 1d5|1 3 1d5
30
Exclamation Point
%X'17000001'
%X'00000000'
%X'00005284'
0 80 2 70 2
0 1 0 15 0
!
12d12
3 36 2d6|1 25 3d3|14 35 3d3|1 5 1d3
30
Lad Insane
%X'63070002'
%X'00B9D55C'
%X'00007004'
10 455 20 120 3
0 20 0 34 0
I
25d15
1 36 4d5|24 37 5d4|20 22 5d3|14 6 4d6|31 33 3d5
30
Wilted Mutant Daisy
%X'0F02000A'
%X'0001190A'
%X'0000512E'
300 325 20 65 1
0 1 0 10 0
M
13d9
1 1 1d7|1 1 1d7|30 5 20d8
30
Major Negative Being
%X'411F0002'
%X'0000004A'
%X'00005001'
30 400 14 85 2
0 20 0 35 0
N
25d15
1 1 3d3|15 5 3d3|16 24 3d3|23 30 4d4|31 2 2d2
30
Bug-Eyed Hacker
%X'1102000A'
%X'00000000'
%X'00002034'
200 170 14 75 1
0 21 0 40 0
h
25d10
1 24 2d12|12 9 3d6
30
Scary Mutant
%X'1715000A'
%X'0001002F'
%X'0000500C'
100 350 20 68 2
0 20 0 10 0
S
25d15
4 7 0d0|19 5 4d8|17 3 3d10
31
Sniveling *BOSS* Programmer
%X'00220012'
%X'0000100D'
%X'00002024'
400 150 14 70 1
1 18 0 7 0
P
20d10
1 18 3d5|1 44 3d5|1 42 3d5|1 14 3d5
31
Crazed Walking Fungi
%X'0022000A'
%X'00000000'
%X'00001022'
300 190 16 90 1
7 20 0 2 0
f
29d9
1 20 5d4|14 13 5d6
31
Demented Jarwangian
%X'07020002'
%X'0000A356'
%X'0000403C'
300 250 20 72 2
2 20 0 4 0
A
22d12
1 40 4d6
31
Crystal Ooze
%X'07390009'
%X'00000000'
%X'00000092'
600 8 5 60 0
10 10 0 1 0
O
12d8
7 5 4d4
31
Master Control Bot
%X'0F020002'
%X'00000000'
%X'00006426'
500 275 20 180 1
0 25 0 30 0
0
35d15
1 1 5d8|1 27 5d8|1 39 4d6|1 31 4d6
32
Astenon
%X'1B03000A'
%X'0001B109'
%X'00003084'
100 200 20 85 2
0 20 0 33 0
Q
25d15
1 23 5d5|1 26 4d4
32
Disintigrator Laser
%X'00020002'
%X'00080005'
%X'00005600'
0 150 16 70 2
0 10 0 4 0
l
12d12
9 27 4d8|9 27 3d6
32
Master Ninja
%X'0F020002'
%X'00000000'
%X'00006030'
100 300 20 99 2
0 20 0 27 0
P
30d10
14 30 4d4|2 1 4d4
32
Darth Vader Wanna-Be
%X'43120002'
%X'00019108'
%X'00007201'
100 425 25 100 2
0 20 0 15 0
V
30d12
1 35 5d5|1 23 4d4|1 40 3d3|1 36 4d4
32
Evil Mutant Parrot
%X'0F02000A'
%X'00011308'
%X'0000512E'
100 375 20 70 1
1 10 0 6 0
M
14d14
1 3 1d8|1 28 1d8|30 5 26d8
33
2-Headed Mutant Cow
%X'00020002'
%X'00000000'
%X'0000500C'
200 325 20 75 1
3 45 0 1 0
M
20d12
1 36 2d9|1 1 2d9|1 29 2d5|1 2 2d5
33
Roving Whirlpool
%X'0000000A'
%X'00000000'
%X'00000020'
500 325 12 65 2
0 80 0 2 0
V
25d10
1 32 3d10|1 1 3d10
33
Fire Storm
%X'000A0012'
%X'00000000'
%X'00002010'
700 350 16 75 2
0 50 0 2 0
V
28d10
5 39 4d6
33
Dizzy Mutant Linebacker
%X'1F020002'
%X'00019F75'
%X'0000500C'
600 550 20 80 2
2 23 0 10 0
M
27d8
15 16 2d8|19 5 30d8|24 34 0d0
34
Jarwangian Mutant
%X'17000002'
%X'00011307'
%X'0000512E'
100 700 20 85 1
0 20 0 18 0
M
25d10
1 28 1d6|1 1 1d6|25 2 16d8|31 17 4d4
34
Hungry Mutant
%X'00040002'
%X'00000000'
%X'0000402E'
100 425 20 86 2
0 20 0 4 0
H
30d15
1 24 3d5|1 3 3d5|1 2 13d6
34
Guardian Melee Mutant
%X'43030002'
%X'00000000'
%X'000063FF'
15 500 12 85 2
0 25 0 9 0
G
30d15
3 40 6d6|4 30 4d7|6 28 3d8|11 21 2d9|14 18 1d10
34
Skin Of Evil
%X'41130002'
%X'0000015E'
%X'00005001'
0 505 15 95 2
0 10 0 30 0
E
32d15
1 26 5d6|31 1 6d6|19 35 3d8
34
Black Daisyian Cadet
%X'1F00000A'
%X'0020100B'
%X'00006005'
500 600 20 90 2
0 60 0 25 0
A
34d15
1 3 4d5|1 35 4d5|1 2 4d6
35
Red Daisyian Cadet
%X'1F00000A'
%X'0080100A'
%X'00006015'
500 650 20 90 2
0 60 0 25 0
A
38d15
1 35 3d8|1 3 5d8|1 2 4d8
35
Doctor Wierd
%X'13020002'
%X'00005762'
%X'00006030'
100 800 20 70 2
0 20 0 50 0
W
32d18
1 40 4d6
35
Giant Mutant Hamster
%X'0F020002'
%X'00000000'
%X'0000502C'
500 400 20 68 1
10 18 0 3 0
M
18d8
1 28 5d9|1 1 5d9
35
Mutant Crackhead
%X'1202000A'
%X'00001A0C'
%X'00002004'
100 250 14 70 1
0 20 0 3 0
M
25d8
1 14 3d12|2 18 3d8
35
White Daisyian Lieutenant
%X'2F00000A'
%X'0040100A'
%X'00004005'
700 1000 20 95 2
0 60 0 25 0
A
50d12
1 35 4d8|1 3 4d8|1 2 4d8
35
Greater Seeker
%X'47070002'
%X'0001B11E'
%X'00007442'
10 950 60 125 2
0 10 0 40 0
S
55d20
2 1 3d5|14 36 2d8|8 6 3d8|21 5 3d6|11 24 4d4
35
Zarg's Big Daddy
%X'0012000A'
%X'00000000'
%X'00006204'
100 650 20 70 2
0 25 0 10 0
Z
25d15
1 26 4d6|1 38 3d6|1 21 3d6
36
Major Guardian
%X'43030002'
%X'0000224A'
%X'00005331'
40 700 14 100 2
0 30 0 15 0
G
32d15
14 1 5d10|1 25 5d10|30 34 2d30|1 1 3d33
36
Grey Mutant 
%X'0F02000A'
%X'00011308'
%X'0000512E'
100 700 20 80 2
2 20 0 10 0
G
25d15
1 1 1d10|30 5 1d10|19 5 25d8
36
Daisyian Group Leader
%X'7F00000A'
%X'00F81005'
%X'00006005'
500 1500 20 95 2
0 65 0 30 0
A
42d15
1 35 3d9|1 3 3d9|1 2 3d10
36
Blue Daisyian Lieutenant
%X'2F00000A'
%X'00081009'
%X'00006005'
400 1200 20 95 2
0 60 0 25 0
A
61d15
1 35 3d8|1 3 3d8|1 2 3d10
36
Green Daisyian Lieutenant
%X'1F00000A'
%X'0010100A'
%X'00006005'
700 1100 20 95 2
0 60 0 25 0
A
60d15
1 35 4d4|1 3 4d4|1 2 4d6
36
Giant Negative Being
%X'63150002'
%X'0011C14A'
%X'00005101'
30 1000 16 97 2
0 30 0 30 0
N
35d15
1 5 4d6|19 1 1d12|21 7 5d4|2 34 3d5
37
King Mutant
%X'17000002'
%X'00011307'
%X'0000512E'
100 1000 20 100 2
0 50 0 30 0
K
40d15
1 36 3d6|1 1 4d6|25 2 40d8
37
Annihilator
%X'2B13000A'
%X'0051F538'
%X'00005008'
50 2000 30 130 3
0 20 0 10 0
G
600d9
1 1 3d6|14 27 3d6|22 37 3d6|21 30 3d6|20 10 3d6
37
Queen Mutant
%X'1F020002'
%X'00019F73'
%X'0000500C'
500 1400 20 100 3
0 40 0 45 0
Q
55d15
15 5 3d10|30 5 36d8|24 5 0d0
37
Red Daisyian Lieutenant
%X'2F00000A'
%X'00801808'
%X'00006015'
300 1400 20 115 2
0 60 0 25 0
A
72d15
1 35 5d10|1 3 5d10|1 2 3d12
37
Black Daisyian Lieutenant
%X'2F00000A'
%X'00201009'
%X'00006005'
700 1350 20 115 2
0 60 0 25 0
A
70d15
1 35 4d8|1 3 5d8|1 2 6d10
37
Daisyian Sub-Commander
%X'7F00000A'
%X'00F81A05'
%X'00006005'
500 2500 20 125 2
0 65 0 30 0
A
80d15
1 35 5d10|1 3 6d10|1 2 6d12
38
White Daisyian Captain
%X'4F000002'
%X'00401A08'
%X'00004005'
800 5000 20 150 2
0 60 0 35 0
A
99d16
1 35 5d8|1 3 6d8|1 2 7d8
38
Daisyian Mutant
%X'1B02000A'
%X'00011306'
%X'0000512E'
100 1600 20 90 2
0 60 0 20 0
A
50d15
1 35 3d12|1 1 3d12|19 5 42d8
38
Black Mutant
%X'1F02000A'
%X'00011307'
%X'0000512E'
100 1700 20 95 2
0 20 0 20 0
M
55d15
1 34 5d12|1 1 5d12|19 5 40d4
38
The Mutant that ate LA
%X'1F07000A'
%X'00015316'
%X'0000512E'
100 2100 20 155 2
0 100 0 10 0
L
60d15
1 28 5d12|1 1 5d12|19 5 12d10
39
Mad Scientist
%X'13020002'
%X'0000FF71'
%X'00006030'
100 2500 20 90 2
0 20 0 50 0
P
55d12
1 31 2d8|30 1 4d8
39
Blue Daisyian Captain
%X'4F000002'
%X'00081A08'
%X'00006005'
800 5000 20 140 2
0 60 0 35 0
A
160d9
1 3 5d9|1 3 5d9|1 2 5d12
39
Green Daisyian Captain
%X'4F000002'
%X'00101A09'
%X'00006005'
700 5000 20 140 2
0 60 0 35 0
A
160d9
1 35 5d8|1 3 5d8|1 2 5d10
39
Black Daisyian Captain
%X'4F000002'
%X'00201A07'
%X'00006005'
700 5000 20 140 2
0 60 0 35 0
A
170d9
1 35 6d9|1 3 4d9|1 2 5d10
39
De-Energizing Worms
%X'00200022'
%X'00000000'
%X'000001B0'
50 100 8 50 1
12 10 0 3 0
w
14d8
21 12 5d6
40
Red Daisyian Captain
%X'7F000002'
%X'00801E06'
%X'00006015'
500 7500 20 155 3
0 60 0 35 0
A
185d9
1 35 6d10|1 3 6d10|1 2 5d14
41
"Cheat" *BOSS* Character
%X'4B03000A'
%X'0001200D'
%X'00007000'
80 8000 18 130 2
0 20 0 50 0
C
99d15
1 1 2d8|7 8 2d8|21 11 2d8|25 37 2d8
42
Mutant Warlord
%X'2F020002'
%X'00019F72'
%X'0000500C'
500 10000 20 175 3
0 70 0 25 0
W
300d9
15 5 6d12|19 5 8d8|30 5 0d0
43
Daisyian Commander
%X'7F000002'
%X'00F89E05'
%X'00006005'
500 15000 20 175 3
0 70 0 40 0
A
350d9
1 35 6d12|1 3 6d12|1 31 6d12|1 27 6d12|1 2 6d12
44
cloister
%X'7B070012'
%X'00E91B12'
%X'00007002'
100 10000 20 180 4
0 19 0 18 0
c
200d9
1 7 3d10|3 10 3d10|24 8 10d10|1 43 5d12
45
Eddie
%X'7F130002'
%X'0001D713'
%X'00005004'
0 18000 20 140 2
0 20 0 20 0
E
75d15
2 1 10d6|13 19 0d0
46
Emperor Mutant
%X'7B000002'
%X'00001C15'
%X'000011B6'
2 7500 18 160 3
0 90 0 25 0
E
95d15
23 5 0d0|1 34 15d5|1 28 5d15|1 23 10d4|1 20 10d4|30 2 8d8
50
Policeman
%X'00200002'
%X'00100008'
%X'00000000'
1 0 20 20 1
5 20 0 14 0
P
3d8
1 27 2d5
5
Armored Policeman
%X'00200002'
%X'00100008'
%X'00000000'
1 0 20 50 1
3 22 0 18 0
P
8d20
1 27 5d10
20
Seattle Mob Boss
%X'C7000002'
%X'00002104'
%X'00005004'
0 1000 20 40 1
0 22 0 14 0
P
5d10
1 1 2d5|1 16 2d8
6
Boise Mob Boss
%X'C7000002'
%X'00002104'
%X'00005004'
0 1200 20 40 1
0 22 0 14 0
P
10d10
1 1 2d5|1 16 2d8
12
Denver Mob Boss
%X'C7000002'
%X'00002104'
%X'00005004'
0 1400 20 40 1
0 22 0 14 0
P
15d10
1 1 2d5|1 16 2d8
18
Kansas City Mob Boss
%X'C7000002'
%X'00002104'
%X'00005004'
0 1600 20 40 1
0 22 0 14 0
P
20d10
1 1 2d5|1 16 2d8
24
Chicago Mob Boss
%X'C7000002'
%X'00002104'
%X'00005004'
0 1800 20 50 1
0 22 0 16 0
P
25d12
1 1 2d8|1 16 2d8
30
Detroit Mob Boss
%X'C7000002'
%X'00002104'
%X'00005004'
0 2000 20 60 1
0 22 0 20 0
P
30d15
1 1 2d8|1 16 2d10
36
Pittsburg Mob Boss
%X'C7000002'
%X'00002104'
%X'00005004'
0 3000 20 80 1
0 22 0 25 0
P
35d20
1 1 2d10|1 16 2d12|1 1 10d10
42
Boss
%X'FF170002'
%X'00B1BE53'
%X'00007016'
0 50000 20 200 6
0 20 0 45 0
B
450d8
5 39 6d25|1 17 6d25|24 36 0d0|4 7 0d0|1 1 5d30
50
